66000001 1 2 3
96010000 2 3 5
63000000 3 4 5
6400000b 4 5 6
62000001 5 6 7
92010000 6 7 9
b5620000 7 10 18
10350010 8 19 -1
63300001 9 10 11
62200001 10 11 12
92210000 11 12 14
4024fffb 13 13 -1
b5620000 15 16 24
10350010 16 25 -1
63300001 17 18 19
62200001 18 19 20
92210000 19 20 22
4024fffb 21 21 -1
b5620000 23 24 32
10350010 30 33 -1
63300001 31 32 33
62200001 32 33 34
92210000 33 34 36
4024fffb 35 35 -1
b5620000 37 38 46
10350010 38 47 -1
63300001 39 40 41
62200001 40 41 42
92210000 41 42 44
4024fffb 43 43 -1
b5620000 45 46 54
10350010 46 55 -1
63300001 47 48 49
62200001 48 49 50
92210000 49 50 52
4024fffb 51 51 -1
b5620000 53 54 62
10350010 58 63 -1
63300001 59 60 61
62200001 60 61 62
92210000 61 62 64
4024fffb 63 63 -1
b5620000 65 66 74
10350010 66 75 -1
63300001 67 68 69
62200001 68 69 70
92210000 69 70 72
4024fffb 71 71 -1
b5620000 73 74 82
10350010 74 83 -1
63300001 75 76 77
62200001 76 77 78
92210000 77 78 80
4024fffb 79 79 -1
b5620000 81 82 90
10350010 86 91 -1
63300001 87 88 89
62200001 88 89 90
92210000 89 90 92
4024fffb 91 91 -1
b5620000 93 94 102
10350010 94 103 -1
63300001 95 96 97
62200001 96 97 98
92210000 97 98 100
4024fffb 99 99 -1
66600001 100 101 102
96610000 101 102 104
4064fff6 103 103 -1
62000001 105 106 107
92010000 106 107 109
b5620000 107 110 118
10350010 108 119 -1
63300001 109 110 111
62200001 110 111 112
92210000 111 112 114
4024fffb 113 113 -1
b5620000 115 116 124
10350010 116 125 -1
63300001 117 118 119
62200001 118 119 120
92210000 119 120 122
4024fffb 121 121 -1
b5620000 123 124 132
10350010 130 133 -1
63300001 131 132 133
62200001 132 133 134
92210000 133 134 136
4024fffb 135 135 -1
b5620000 137 138 146
10350010 138 147 -1
63300001 139 140 141
62200001 140 141 142
92210000 141 142 144
4024fffb 143 143 -1
b5620000 145 146 154
10350010 146 155 -1
63300001 147 148 149
62200001 148 149 150
92210000 149 150 152
4024fffb 151 151 -1
b5620000 153 154 162
10350010 158 163 -1
63300001 159 160 161
62200001 160 161 162
92210000 161 162 164
4024fffb 163 163 -1
b5620000 165 166 174
10350010 166 175 -1
63300001 167 168 169
62200001 168 169 170
92210000 169 170 172
4024fffb 171 171 -1
b5620000 173 174 182
10350010 174 183 -1
63300001 175 176 177
62200001 176 177 178
92210000 177 178 180
4024fffb 179 179 -1
b5620000 181 182 190
10350010 186 191 -1
63300001 187 188 189
62200001 188 189 190
92210000 189 190 192
4024fffb 191 191 -1
b5620000 193 194 202
10350010 194 203 -1
63300001 195 196 197
62200001 196 197 198
92210000 197 198 200
4024fffb 199 199 -1
66600001 200 201 202
96610000 201 202 204
4064fff6 203 203 -1
62000001 205 206 207
92010000 206 207 209
b5620000 207 210 218
10350010 208 219 -1
63300001 209 210 211
62200001 210 211 212
92210000 211 212 214
4024fffb 213 213 -1
b5620000 215 216 224
10350010 216 225 -1
63300001 217 218 219
62200001 218 219 220
92210000 219 220 222
4024fffb 221 221 -1
b5620000 223 224 232
10350010 230 233 -1
63300001 231 232 233
62200001 232 233 234
92210000 233 234 236
4024fffb 235 235 -1
b5620000 237 238 246
10350010 238 247 -1
63300001 239 240 241
62200001 240 241 242
92210000 241 242 244
4024fffb 243 243 -1
b5620000 245 246 254
10350010 246 255 -1
63300001 247 248 249
62200001 248 249 250
92210000 249 250 252
4024fffb 251 251 -1
b5620000 253 254 262
10350010 258 263 -1
63300001 259 260 261
62200001 260 261 262
92210000 261 262 264
4024fffb 263 263 -1
b5620000 265 266 274
10350010 266 275 -1
63300001 267 268 269
62200001 268 269 270
92210000 269 270 272
4024fffb 271 271 -1
b5620000 273 274 282
10350010 274 283 -1
63300001 275 276 277
62200001 276 277 278
92210000 277 278 280
4024fffb 279 279 -1
b5620000 281 282 290
10350010 286 291 -1
63300001 287 288 289
62200001 288 289 290
92210000 289 290 292
4024fffb 291 291 -1
b5620000 293 294 302
10350010 294 303 -1
63300001 295 296 297
62200001 296 297 298
92210000 297 298 300
4024fffb 299 299 -1
66600001 300 301 302
96610000 301 302 304
4064fff6 303 303 -1
62000001 305 306 307
92010000 306 307 309
b5620000 307 310 318
10350010 308 319 -1
63300001 309 310 311
62200001 310 311 312
92210000 311 312 314
4024fffb 313 313 -1
b5620000 315 316 324
10350010 316 325 -1
63300001 317 318 319
62200001 318 319 320
92210000 319 320 322
4024fffb 321 321 -1
b5620000 323 324 332
10350010 330 333 -1
63300001 331 332 333
62200001 332 333 334
92210000 333 334 336
4024fffb 335 335 -1
b5620000 337 338 346
10350010 338 347 -1
63300001 339 340 341
62200001 340 341 342
92210000 341 342 344
4024fffb 343 343 -1
b5620000 345 346 354
10350010 346 355 -1
63300001 347 348 349
62200001 348 349 350
92210000 349 350 352
4024fffb 351 351 -1
b5620000 353 354 362
10350010 358 363 -1
63300001 359 360 361
62200001 360 361 362
92210000 361 362 364
4024fffb 363 363 -1
b5620000 365 366 374
10350010 366 375 -1
63300001 367 368 369
62200001 368 369 370
92210000 369 370 372
4024fffb 371 371 -1
b5620000 373 374 382
10350010 374 383 -1
63300001 375 376 377
62200001 376 377 378
92210000 377 378 380
4024fffb 379 379 -1
b5620000 381 382 390
10350010 386 391 -1
63300001 387 388 389
62200001 388 389 390
92210000 389 390 392
4024fffb 391 391 -1
b5620000 393 394 402
10350010 394 403 -1
63300001 395 396 397
62200001 396 397 398
92210000 397 398 400
4024fffb 399 399 -1
66600001 400 401 402
96610000 401 402 404
4064fff6 403 403 -1
62000001 405 406 407
92010000 406 407 409
b5620000 407 410 418
10350010 408 419 -1
63300001 409 410 411
62200001 410 411 412
92210000 411 412 414
4024fffb 413 413 -1
b5620000 415 416 424
10350010 416 425 -1
63300001 417 418 419
62200001 418 419 420
92210000 419 420 422
4024fffb 421 421 -1
b5620000 423 424 432
10350010 430 433 -1
63300001 431 432 433
62200001 432 433 434
92210000 433 434 436
4024fffb 435 435 -1
b5620000 437 438 446
10350010 438 447 -1
63300001 439 440 441
62200001 440 441 442
92210000 441 442 444
4024fffb 443 443 -1
b5620000 445 446 454
10350010 446 455 -1
63300001 447 448 449
62200001 448 449 450
92210000 449 450 452
4024fffb 451 451 -1
b5620000 453 454 462
10350010 458 463 -1
63300001 459 460 461
62200001 460 461 462
92210000 461 462 464
4024fffb 463 463 -1
b5620000 465 466 474
10350010 466 475 -1
63300001 467 468 469
62200001 468 469 470
92210000 469 470 472
4024fffb 471 471 -1
b5620000 473 474 482
10350010 474 483 -1
63300001 475 476 477
62200001 476 477 478
92210000 477 478 480
4024fffb 479 479 -1
b5620000 481 482 490
10350010 486 491 -1
63300001 487 488 489
62200001 488 489 490
92210000 489 490 492
4024fffb 491 491 -1
b5620000 493 494 502
10350010 494 503 -1
63300001 495 496 497
62200001 496 497 498
92210000 497 498 500
4024fffb 499 499 -1
66600001 500 501 502
96610000 501 502 504
4064fff6 503 503 -1
62000001 505 506 507
92010000 506 507 509
b5620000 507 510 518
10350010 508 519 -1
63300001 509 510 511
62200001 510 511 512
92210000 511 512 514
4024fffb 513 513 -1
b5620000 515 516 524
10350010 516 525 -1
63300001 517 518 519
62200001 518 519 520
92210000 519 520 522
4024fffb 521 521 -1
b5620000 523 524 532
10350010 530 533 -1
63300001 531 532 533
62200001 532 533 534
92210000 533 534 536
4024fffb 535 535 -1
b5620000 537 538 546
10350010 538 547 -1
63300001 539 540 541
62200001 540 541 542
92210000 541 542 544
4024fffb 543 543 -1
b5620000 545 546 554
10350010 546 555 -1
63300001 547 548 549
62200001 548 549 550
92210000 549 550 552
4024fffb 551 551 -1
b5620000 553 554 562
10350010 558 563 -1
63300001 559 560 561
62200001 560 561 562
92210000 561 562 564
4024fffb 563 563 -1
b5620000 565 566 574
10350010 566 575 -1
63300001 567 568 569
62200001 568 569 570
92210000 569 570 572
4024fffb 571 571 -1
b5620000 573 574 582
10350010 574 583 -1
63300001 575 576 577
62200001 576 577 578
92210000 577 578 580
4024fffb 579 579 -1
b5620000 581 582 590
10350010 586 591 -1
63300001 587 588 589
62200001 588 589 590
92210000 589 590 592
4024fffb 591 591 -1
b5620000 593 594 602
10350010 594 603 -1
63300001 595 596 597
62200001 596 597 598
92210000 597 598 600
4024fffb 599 599 -1
66600001 600 601 602
96610000 601 602 604
4064fff6 603 603 -1
62000001 605 606 607
92010000 606 607 609
b5620000 607 610 618
10350010 608 619 -1
63300001 609 610 611
62200001 610 611 612
92210000 611 612 614
4024fffb 613 613 -1
b5620000 615 616 624
10350010 616 625 -1
63300001 617 618 619
62200001 618 619 620
92210000 619 620 622
4024fffb 621 621 -1
b5620000 623 624 632
10350010 630 633 -1
63300001 631 632 633
62200001 632 633 634
92210000 633 634 636
4024fffb 635 635 -1
b5620000 637 638 646
10350010 638 647 -1
63300001 639 640 641
62200001 640 641 642
92210000 641 642 644
4024fffb 643 643 -1
b5620000 645 646 654
10350010 646 655 -1
63300001 647 648 649
62200001 648 649 650
92210000 649 650 652
4024fffb 651 651 -1
b5620000 653 654 662
10350010 658 663 -1
63300001 659 660 661
62200001 660 661 662
92210000 661 662 664
4024fffb 663 663 -1
b5620000 665 666 674
10350010 666 675 -1
63300001 667 668 669
62200001 668 669 670
92210000 669 670 672
4024fffb 671 671 -1
b5620000 673 674 682
10350010 674 683 -1
63300001 675 676 677
62200001 676 677 678
92210000 677 678 680
4024fffb 679 679 -1
b5620000 681 682 690
10350010 686 691 -1
63300001 687 688 689
62200001 688 689 690
92210000 689 690 692
4024fffb 691 691 -1
b5620000 693 694 702
10350010 694 703 -1
63300001 695 696 697
62200001 696 697 698
92210000 697 698 700
4024fffb 699 699 -1
66600001 700 701 702
96610000 701 702 704
4064fff6 703 703 -1
62000001 705 706 707
92010000 706 707 709
b5620000 707 710 718
10350010 708 719 -1
63300001 709 710 711
62200001 710 711 712
92210000 711 712 714
4024fffb 713 713 -1
b5620000 715 716 724
10350010 716 725 -1
63300001 717 718 719
62200001 718 719 720
92210000 719 720 722
4024fffb 721 721 -1
b5620000 723 724 732
10350010 730 733 -1
63300001 731 732 733
62200001 732 733 734
92210000 733 734 736
4024fffb 735 735 -1
b5620000 737 738 746
10350010 738 747 -1
63300001 739 740 741
62200001 740 741 742
92210000 741 742 744
4024fffb 743 743 -1
b5620000 745 746 754
10350010 746 755 -1
63300001 747 748 749
62200001 748 749 750
92210000 749 750 752
4024fffb 751 751 -1
b5620000 753 754 762
10350010 758 763 -1
63300001 759 760 761
62200001 760 761 762
92210000 761 762 764
4024fffb 763 763 -1
b5620000 765 766 774
10350010 766 775 -1
63300001 767 768 769
62200001 768 769 770
92210000 769 770 772
4024fffb 771 771 -1
b5620000 773 774 782
10350010 774 783 -1
63300001 775 776 777
62200001 776 777 778
92210000 777 778 780
4024fffb 779 779 -1
b5620000 781 782 790
10350010 786 791 -1
63300001 787 788 789
62200001 788 789 790
92210000 789 790 792
4024fffb 791 791 -1
b5620000 793 794 802
10350010 794 803 -1
63300001 795 796 797
62200001 796 797 798
92210000 797 798 800
4024fffb 799 799 -1
66600001 800 801 802
96610000 801 802 804
4064fff6 803 803 -1
62000001 805 806 807
92010000 806 807 809
b5620000 807 810 818
10350010 808 819 -1
63300001 809 810 811
62200001 810 811 812
92210000 811 812 814
4024fffb 813 813 -1
b5620000 815 816 824
10350010 816 825 -1
63300001 817 818 819
62200001 818 819 820
92210000 819 820 822
4024fffb 821 821 -1
b5620000 823 824 832
10350010 830 833 -1
63300001 831 832 833
62200001 832 833 834
92210000 833 834 836
4024fffb 835 835 -1
b5620000 837 838 846
10350010 838 847 -1
63300001 839 840 841
62200001 840 841 842
92210000 841 842 844
4024fffb 843 843 -1
b5620000 845 846 854
10350010 846 855 -1
63300001 847 848 849
62200001 848 849 850
92210000 849 850 852
4024fffb 851 851 -1
b5620000 853 854 862
10350010 858 863 -1
63300001 859 860 861
62200001 860 861 862
92210000 861 862 864
4024fffb 863 863 -1
b5620000 865 866 874
10350010 866 875 -1
63300001 867 868 869
62200001 868 869 870
92210000 869 870 872
4024fffb 871 871 -1
b5620000 873 874 882
10350010 874 883 -1
63300001 875 876 877
62200001 876 877 878
92210000 877 878 880
4024fffb 879 879 -1
b5620000 881 882 890
10350010 886 891 -1
63300001 887 888 889
62200001 888 889 890
92210000 889 890 892
4024fffb 891 891 -1
b5620000 893 894 902
10350010 894 903 -1
63300001 895 896 897
62200001 896 897 898
92210000 897 898 900
4024fffb 899 899 -1
66600001 900 901 902
96610000 901 902 904
4064fff6 903 903 -1
62000001 905 906 907
92010000 906 907 909
b5620000 907 910 918
10350010 908 919 -1
63300001 909 910 911
62200001 910 911 912
92210000 911 912 914
4024fffb 913 913 -1
b5620000 915 916 924
10350010 916 925 -1
63300001 917 918 919
62200001 918 919 920
92210000 919 920 922
4024fffb 921 921 -1
b5620000 923 924 932
10350010 930 933 -1
63300001 931 932 933
62200001 932 933 934
92210000 933 934 936
4024fffb 935 935 -1
b5620000 937 938 946
10350010 938 947 -1
63300001 939 940 941
62200001 940 941 942
92210000 941 942 944
4024fffb 943 943 -1
b5620000 945 946 954
10350010 946 955 -1
63300001 947 948 949
62200001 948 949 950
92210000 949 950 952
4024fffb 951 951 -1
b5620000 953 954 962
10350010 958 963 -1
63300001 959 960 961
62200001 960 961 962
92210000 961 962 964
4024fffb 963 963 -1
b5620000 965 966 974
10350010 966 975 -1
63300001 967 968 969
62200001 968 969 970
92210000 969 970 972
4024fffb 971 971 -1
b5620000 973 974 982
10350010 974 983 -1
63300001 975 976 977
62200001 976 977 978
92210000 977 978 980
4024fffb 979 979 -1
b5620000 981 982 990
10350010 986 991 -1
63300001 987 988 989
62200001 988 989 990
92210000 989 990 992
4024fffb 991 991 -1
b5620000 993 994 1002
10350010 994 1003 -1
63300001 995 996 997
62200001 996 997 998
92210000 997 998 1000
4024fffb 999 999 -1
66600001 1000 1001 1002
96610000 1001 1002 1004
4064fff6 1003 1003 -1
c0000000 1014 1014 -1
